3,2
3,1
3,3
10,71
10,187
10,175
10,277
10,183
10,21
10,83
10,203
11,11
11,15
8,14
8,8
8,18
8,11
21,3
21,2
21,1
21,0
12,3
12,2
12,1
11,27
11,23
11,21
11,19
11,13
11,9
11,7
11,5
11,3
11,2
11,1
10,313
20,2
20,1
20,3
10,311
10,305
10,271
10,263
10,257
19,2
19,1
19,3
10,215
10,209
10,159
10,153
10,119
10,93
10,65
10,31
10,17
10,3
10,2
10,1
9,7
9,5
9,3
9,2
9,1
8,17
8,16
8,15
18,1
18,3
8,13
8,12
8,7
8,5
8,3
8,2
8,1
7,13
7,12
7,11
7,10
7,9
14,1
14,3
13,1
13,3
7,8
7,7
7,6
7,5
7,4
7,1
6,7
6,6
6,5
6,4
6,1
4,88
4,87
4,86
4,85
4,84
4,83
4,82
4,81
4,80
4,79
4,78
4,77
4,76
4,75
4,74
